0.00 0.00 0.00 0.00 0.00 0.00 
0.10 0.10 0.10 0.10 0.10 0.10 
0.20 0.20 0.19 0.19 0.19 0.20 
0.30 0.29 0.29 0.29 0.27 0.30 
0.38 0.39 0.39 0.39 0.35 0.40 
0.46 0.48 0.48 0.49 0.43 0.50 
0.54 0.57 0.57 0.59 0.51 0.60 
0.64 0.66 0.66 0.68 0.60 0.70 
0.73 0.76 0.75 0.77 0.69 0.80 
0.82 0.86 0.83 0.87 0.78 0.90 
0.92 0.96 0.90 0.97 0.87 1.00 
1.02 1.06 0.97 1.06 0.96 1.10 
1.11 1.16 1.03 1.16 1.05 1.20 
1.21 1.25 1.09 1.25 1.14 1.29 
1.31 1.34 1.14 1.34 1.24 1.39 
1.40 1.43 1.19 1.44 1.34 1.49 
1.50 1.53 1.25 1.54 1.44 1.59 
1.60 1.63 1.32 1.64 1.54 1.68 
1.70 1.72 1.39 1.74 1.63 1.77 
1.79 1.82 1.46 1.83 1.73 1.87 
1.87 1.92 1.52 1.93 1.83 1.97 
1.96 2.01 1.59 2.03 1.93 2.06 
2.05 2.10 1.64 2.13 2.02 2.15 
2.15 2.20 1.70 2.23 2.12 2.23 
2.25 2.30 1.76 2.33 2.21 2.32 
2.35 2.39 1.82 2.42 2.31 2.40 
2.43 2.48 1.89 2.52 2.40 2.49 
2.51 2.58 1.95 2.62 2.49 2.58 
2.59 2.68 2.00 2.72 2.59 2.67 
2.68 2.78 2.05 2.82 2.68 2.77 
2.76 2.88 2.11 2.92 2.78 2.87 
2.85 2.97 2.17 3.01 2.88 2.96 
2.94 3.06 2.22 3.11 2.97 3.06 
3.02 3.14 2.28 3.21 3.07 3.16 
3.11 3.22 2.34 3.31 3.15 3.26 
3.19 3.31 2.41 3.41 3.24 3.35 
3.27 3.40 2.48 3.50 3.32 3.45 
3.35 3.50 2.55 3.60 3.41 3.55 
3.42 3.60 2.62 3.70 3.50 3.65 
3.50 3.68 2.69 3.79 3.59 3.75 
3.57 3.77 2.75 3.89 3.68 3.85 
3.64 3.87 2.81 3.98 3.77 3.95 
3.71 3.97 2.88 4.06 3.86 4.05 
3.77 4.07 2.95 4.16 3.96 4.15 
3.84 4.15 3.02 4.25 4.05 4.25 
3.91 4.23 3.09 4.35 4.13 4.34 
3.96 4.31 3.15 4.45 4.21 4.43 
4.02 4.39 3.21 4.54 4.29 4.52 
4.07 4.47 3.27 4.63 4.38 4.61 
4.13 4.55 3.31 4.72 4.46 4.69 
4.19 4.63 3.35 4.80 4.55 4.78 
4.25 4.69 3.40 4.90 4.64 4.86 
4.31 4.75 3.46 4.99 4.73 4.94 
4.36 4.82 3.51 5.09 4.82 5.03 
4.43 4.89 3.55 5.19 4.91 5.11 
4.48 4.96 3.60 5.29 4.99 5.20 
4.54 5.04 3.65 5.39 5.08 5.28 
4.60 5.12 3.70 5.49 5.16 5.37 
4.65 5.21 3.74 5.59 5.24 5.45 
4.70 5.30 3.78 5.69 5.33 5.53 
4.75 5.39 3.81 5.79 5.42 5.61 
4.80 5.49 3.85 5.89 5.52 5.68 
4.85 5.59 3.88 5.99 5.62 5.75 
4.89 5.69 3.91 6.09 5.71 5.82 
4.94 5.79 3.94 6.18 5.81 5.87 
5.00 5.89 3.98 6.27 5.91 5.94 
5.06 5.99 4.02 6.37 6.01 5.99 
5.11 6.08 4.06 6.46 6.11 6.05 
5.17 6.17 4.11 6.54 6.20 6.10 
5.22 6.25 4.15 6.63 6.29 6.16 
5.26 6.33 4.20 6.71 6.37 6.21 
5.31 6.40 4.24 6.79 6.45 6.26 
5.35 6.48 4.29 6.86 6.52 6.30 
5.40 6.57 4.33 6.93 6.60 6.35 
5.45 6.64 4.38 7.00 6.69 6.40 
5.49 6.71 4.44 7.06 6.77 6.46 
5.54 6.79 4.50 7.11 6.85 6.52 
5.58 6.86 4.55 7.17 6.93 6.58 
5.64 6.93 4.60 7.22 7.01 6.65 
5.68 7.00 4.65 7.26 7.10 6.72 
5.74 7.06 4.70 7.31 7.19 6.79 
5.79 7.13 4.74 7.34 7.28 6.85 
5.84 7.19 4.78 7.39 7.38 6.91 
5.89 7.26 4.82 7.43 7.48 6.97 
5.93 7.32 4.87 7.46 7.57 7.02 
5.96 7.39 4.92 7.49 7.67 7.07 
5.99 7.45 4.96 7.51 7.77 7.13 
6.02 7.51 5.00 7.53 7.87 7.19 
6.05 7.57 5.03 7.54 7.97 7.26 
6.09 7.63 5.07 7.55 8.07 7.34 
6.13 7.70 5.09 7.56 8.17 7.41 
6.17 7.76 5.11 7.57 8.27 7.48 
6.21 7.81 5.14 7.59 8.37 7.56 
6.26 7.86 5.16 7.59 8.47 7.64 
6.31 7.90 5.19 7.59 8.56 7.72 
6.36 7.93 5.21 7.57 8.66 7.80 
6.41 7.95 5.24 7.57 8.76 7.89 
6.47 7.97 5.26 7.55 8.86 7.96 
6.52 7.97 5.29 7.52 8.95 8.03 
6.58 7.97 5.31 7.49 9.04 8.10 
